13.0173108883
12.9637014634
13.1844206937
12.9892531084
13.2213133012
13.0288717771
13.1179331114
12.8836840345
13.1635695211
12.9875385958
13.2106806129
13.2057923454
12.8892898536
13.0403485089
13.0998350082
13.1715926274
13.2046015987
12.9844022616
12.9823113501
13.3032675933
13.0784750273
13.0301469958
13.3182394326
13.0413937221
13.0877549333
13.0847661729
13.0846668953
13.0929381522
13.068316892
13.0667283393
13.0656832332
13.0078192673
13.1035968482
13.3308300951
12.8777434028
13.2061474792
13.0760086872
13.2090303113
13.2073591085
13.1201900563
13.1197721051
13.1145058592
13.0090528
13.0803979194
13.0977032733
13.095278925
13.0973688819
12.9080307849
13.0002507981
13.0537269047
12.7794097272
12.9820604395
13.0874205284
13.1475225204
12.9921802977
13.1246202952
13.1446102323
13.0070666122
13.038843394
13.0671881845
13.1563819319
12.9223365326
13.0305409
13.0816519714
13.0407247861
13.0640946634
13.1859667018
12.983022262
13.0624224737
12.8864660425
12.8903566184
12.9336717917
13.0893433507
12.9226711602
13.0906809574
13.0901793557
12.8647320907
13.0157638207
13.1015696416
13.0114152546
12.9228384738
13.1704226074
13.064355942
13.0568623615
13.1715926274
13.0457417618
13.0674390089
13.0974106808
13.0787206
13.0585241375
13.0260077374
13.0310250114
13.0789453012
13.0873369271
13.0793110692
13.1045581981
13.2035152985
13.0798962968
13.0798544949
13.0217847863
13.157259
13.0074011258
13.2165505826
13.1854652949
13.0381326422
13.0448428945
12.7857711943
13.0224637
13.1113293388
13.1097410633
13.0518456116
13.0980376643
13.0315267332
13.1856324306
12.8448582056
13.0091155013
13.009491826
12.9914275952
13.1465195479
12.9403221284
13.085539492
12.9847368058
13.0724554421
13.1001275978
13.1834596566
13.1390807079
12.9813913435
13.0963657048
12.99502382
12.9159785236
13.0420208479
13.0366693231
12.9114608926
13.0283073339
13.104725389
12.9357631117
13.0439440239
13.0751308314
12.8992461481
13.136322429
13.0066902838
12.9486870799
12.9938947783
12.9203287578
13.0440485439
12.9885422143
13.1328954333
13.099124432
12.9721910901
12.8502138495
12.9651652128
12.8507996161
12.9252645086
13.1202109538
13.1835432252
12.8587073317
13.2365199554
12.9135942286
12.8944772161
13.0453654921
13.4009750009
13.1707568994
13.1186018379
13.1365313906
12.8305480349
12.7896633287
13.0856230939
12.953705916
13.0835539381
13.133020812
13.1458091067
13.1337312903
12.8705893565
13.0796036832
13.1302206716
13.1302415683
13.0064812122
13.2399454993
13.1272951178
13.1193541532
13.1198556954
13.1094066882
13.1740997942
13.3267376797
13.2137931767
12.9650815702
13.0153038798
13.0195269413
13.0967836957
12.785017871
12.8825126535
13.0696546128
13.0755488584
13.075465253
12.944546464
12.8878884106
13.0449892219
12.9974386976
12.9862422491
13.058983998
13.0819654834
13.1017577336
13.0368783692
13.1202736464
13.1183928611
13.1525373209
13.0636766171
13.0634675936
12.897572849
13.1523701625
13.1505732029
13.1420061213
12.9797185955
12.9690127416
12.8669076625
13.063374
12.9225038464
13.0926037543
12.7428281846
13.1273369117
12.7764381975
12.9332953522
12.8382680966
13.1650738735
13.1700047418
13.2122055653
13.1607279412
13.0170182006
13.0128369096
13.0261331705
13.0310668216
12.916522307
12.9150582721
12.918362796
12.7969870747
12.7903747876
13.0712849501
13.169253
13.1637366718
12.9209143604
12.920286929
12.8646902526
13.0830732226
13.1262920627
12.8908795406
13.0314013028
13.0837889
13.2819671487
13.2689353665
13.2823012877
13.0886745446
13.0293107875
13.1290504543
12.9327097786
12.9679672234
13.0197360019
12.9132177588
12.9158948645
13.0104535421
13.0397631875
13.0338262785
12.9945847488
13.0769283423
12.9606484727
12.9495235596
13.1843162333
12.9870786026
12.9778158309
13.2243212861
12.9429780309
13.1035968482
12.8458205563
12.8823453129
12.9429152934
13.0781406098
13.1242859403
13.0715357703
12.9004174509
12.8978238446
12.8764464856
12.9375616328
13.135591062
13.1284653435
12.8620544379
13.0724554421
13.0995424182
12.8863614563
12.9974491515
13.2028885846
13.0463688766
13.4052331411
12.8561132937
12.9535595348
12.8316778148
12.9103733026
12.9684272519
13.196496011
12.9746166445
12.970852843
12.8894990235
13.2853920522
13.0655160158
13.0887163451
13.0882369
13.1229485163
13.2614167127
13.0222029035
12.8020089492
12.9917203131
12.9619867746
13.1073168335
13.1161776955
13.1081945746
13.0980376643
13.3082791907
13.2625027549
13.0155965696
13.0724972453
13.1122488621
13.1126668261
12.9071941661
13.0517829015
13.1256233571
13.0401812743
12.8567722656
12.9647888209
13.2125189104
13.1239933794
13.0508840562
12.9641614999
13.0346624715
12.9894203773
12.89824217
12.933692705
12.809729886
13.1301370849
13.0436931757
12.734456379
13.0609174933
12.9192412063
13.090513757
12.9740520779
12.9201614425
12.9201614425
13.0452400688
13.0209903617
13.034160756
13.1001275978
13.190813583
13.0944429373
13.1085707484
13.029728892
12.9224201895
13.1201064661
12.8979911748
13.0233736278
13.0297497972
13.0302306164
13.1181002932
12.7943924005
13.1754369393
13.0976196755
13.1581370603
13.079770891
12.9984109144
13.2173443755
13.0574058367
13.1174106675
13.0663939058
13.093105351
13.2269114656
13.1313072971
13.1091977035
13.0177708255
12.8339792027
12.9943547589
12.9534549766
12.9747839232
12.9750766607
12.8211748502
13.1170136094
12.9649561063
12.9125066478
13.031171347
12.9798858708
13.0014007185
12.9949401875
13.0635930077
13.0495462338
13.086480012
12.9421833544
13.144262845
13.0716820819
12.9393183153
13.0789766528
13.0339098979
13.1214857004
13.0588794844
13.1565490875
13.219224401
12.9485197836
12.9269376223
12.9234658988
12.9156857167
12.9904658053
13.0766984289
13.1307221917
13.0425225474
12.8241876977
12.8469502676
13.1027190907
13.0112480005
13.1167628355
13.1415046244
13.2272456803
13.1166792441
13.1970809594
12.9908003413
13.0871697244
12.9674235521
12.9631996045
13.1243695291
13.1244531178
12.9807222456
12.9872458729
13.0695292018
13.1721776352
13.1615193
12.9336299651
12.9488962001
13.1615193
13.1435158
13.1314744698
13.0582001443
13.0532670344
13.0524309043
13.0537687111
12.8687903537
13.105644937
13.0493947
13.0510512835
13.0476021977
13.060833883
13.0491281628
13.0498806901
13.1747683676
13.2114953147
13.0419372312
12.9455084314
13.0525145174
12.8797515194
12.9866604262
13.0490863557
12.9373734161
12.9728602109
13.1142550827
12.9064412068
13.1854652949
13.1846087222
12.9764567044
12.9861377047
13.1933205528
13.0609174933
12.9327097786
13.1198139002
13.0676062249
13.1734730049
12.8627029345
13.1272951178
13.1235440888
13.0524309043
12.9038267472
13.2063563813
13.0527653567
13.1155089623
13.1055613418
13.1405852106
13.0997096125
13.0466197221
13.1109949659
12.9951074525
13.102050321
13.056402497
12.9949820037
13.0436827237