80.2602767944
80.215344429
80.1920843124
80.2049160004
80.0260448456
80.2496981621
80.2278327942
80.1559925079
80.0992584229
80.0644540787
80.0975632668
80.1174116135
80.1069831848
80.1840591431
80.1698112488
79.917640686
80.2618646622
80.1302433014
80.1003742218
80.1631164551
80.0247573853
80.1801109314
80.0533175468
80.2232837677
80.2182197571
80.2142500877
80.2177637815
80.1987361908
80.2694606781
80.2684521675
80.2838802338
80.235042572
80.0583600998
80.0867271423
80.1926422119
80.2499341965
80.1990795135
80.316324234
80.3215169907
80.1022624969
80.1032924652
80.1080989838
80.2611083
80.1494693756
80.2407932281
80.1308441162
80.1455640793
80.1426029205
80.2666926384
80.2345275879
80.0221824646
80.2046585083
80.2839231491
80.3018188477
80.1933288574
80.2946090698
80.2201321721
80.1977062225
80.2571868896
80.2051734924
80.0929069519
80.1429462433
80.2628849
80.2758550644
80.0577163696
80.2834510803
80.2218675613
80.1884579659
80.1969337463
80.1873850822
80.1845955849
80.1483535767
80.0570726395
80.2510499954
80.2586460114
80.2652549744
80.2265024185
80.2050876617
80.2943301201
80.2231550217
80.1273679733
80.3112602234
80.2675294876
80.2425527573
80.2198076248
80.2481532097
80.2512645721
80.2592468262
80.2545744
80.2038109303
80.1999163628
80.2399778366
80.2546012402
80.258731842
80.2585601807
80.1530742645
80.2698040009
80.2614355087
80.2614355087
80.2062892914
80.301476
80.2378320694
80.320186615
80.3093719482
80.2567148209
80.2257084846
80.0142002106
80.2762973
80.2171039581
80.2591609955
80.2502775192
80.1080989838
80.213842392
80.2030277252
80.0610637665
80.2121043205
80.2109241486
80.2195072174
80.0862979889
80.1507139206
80.2852106094
80.207233429
80.2212238312
80.2149581909
80.3165817261
80.2818632126
80.2431106567
80.2189922333
80.2524232864
80.2504491806
80.0038146973
80.0429534912
80.1013183594
80.2083492279
80.2533245087
80.1641464233
80.2122974396
80.2160739899
80.1828575134
80.2565002441
80.2127695084
80.209980011
80.1855611801
80.1838874817
80.2093148232
80.2048301697
80.1736736298
80.2198505402
80.1229906082
80.2410507202
80.2472734451
80.1403713226
80.2382183075
80.1410365105
80.0896453857
80.1998949051
80.1613998413
80.2291202545
80.048532486
80.1140213013
80.2586138248
80.1992511749
80.0856971741
80.2567148209
80.1205444336
80.2215671539
80.2452135086
80.1868057251
80.2339267731
80.2470588684
80.2504062653
80.1030349731
80.1060390472
80.072350502
80.2138209343
80.2138638496
80.1004600525
80.2738380432
80.1941013336
80.2764558792
80.2767562866
80.0233840942
80.2383899689
80.0709342957
80.3250360489
80.2566719055
80.2480459213
80.2415657043
80.020980835
80.2446556091
80.1704978943
80.2007102966
80.1959896088
80.1989936829
80.1424098015
80.2272748947
80.1158666611
80.094473362
80.093164444
80.0294029713
80.2535605431
80.1943159103
80.267572403
80.2585601807
80.2595043182
80.2429389954
80.2115249634
80.2116537094
80.160369873
80.2282619476
80.2419519424
80.2368235588
80.1947128773
80.1899170876
80.1757764816
80.16759
80.1434612274
80.2088212967
79.9915838242
80.2090358734
80.0102090836
79.9069976807
80.1692962646
80.2530670166
80.2571868896
80.2714776993
80.269203186
80.1753044128
80.1681804657
80.2662849426
80.1109313965
80.0417947769
80.0717926025
80.0405502319
80.021238327
80.0333404541
80.2588284016
80.247831
80.2280044556
80.1969337463
80.1841449738
80.1476669312
80.1086139679
80.1630306244
80.1408004761
80.0825214386
80.2500317
80.2534103394
80.2635383606
80.253238678
80.1696395874
80.1687812805
80.2413082123
80.232424736
80.1819133759
80.1429462433
80.0707626343
80.0577163696
80.1475811005
80.1929855347
80.2677440643
80.20657897
80.2117395401
80.1331615448
80.0323104858
80.0740349293
80.0641107559
80.1812267303
80.2734088898
80.2076840401
80.2032423019
80.2265024185
80.1099872589
80.2534103394
80.025100708
80.0506782532
80.1860332489
80.170841217
80.1706695557
80.2268028259
80.2419948578
80.1582241058
80.1552629471
80.1914405823
80.2751255035
80.2596759796
80.0204229355
80.200753212
80.176076889
80.0257873535
80.2860689163
80.0691747665
80.2551269531
80.2292060852
80.196762085
80.1498985291
80.1604557037
80.1327323914
80.1283121109
80.24538517
80.1497268677
80.0964689255
80.2902746201
80.1225958
80.0594329834
80.2749538422
80.120844841
80.0250148773
80.1936721802
80.0764274597
80.2443981171
80.2425956726
80.2443122864
80.0220108032
80.0463008881
80.1547050476
80.136551857
80.2750825882
80.2237987518
79.9933433533
80.2041435242
80.2201509476
80.1182699203
80.2424240112
80.1721715927
80.1961183548
80.087864399
80.2135419846
80.0949668884
80.0448417664
80.1560354233
80.1441478729
80.2353000641
80.2329397202
80.2039933205
80.1586532593
80.2174472809
79.9859619141
80.2376174927
80.0253582001
80.0051879883
80.2028346062
80.1832866669
80.1839733124
80.2800178528
80.1833724976
80.183801651
79.9982786179
80.1864624023
80.2751255035
80.2916049957
80.2378749847
80.1632022858
80.224313736
80.1081848145
80.2276611328
80.2146363258
80.2768421173
80.2580451965
80.2089071274
80.2922058105
80.2406215668
80.20362854
80.2880859375
80.207362175
80.169210434
80.1136779785
80.1339769363
80.2684950829
80.2509212494
80.165348053
80.2522516251
80.1994228363
80.1026916504
80.2012252808
80.0757408142
80.0428676605
80.0481033325
80.0481462479
80.2038002014
79.9948132038
80.1283121109
80.1554775238
80.2243351936
80.2526378632
80.1960968971
80.199508667
80.2434539795
80.2476596832
80.1086568832
80.1912474632
80.1884365082
80.2494835854
80.1299858093
80.2821207047
80.2302360535
80.2346563339
80.2591502666
80.2944374084
80.0333404541
80.1957321167
80.1180553436
80.1158666611
80.1045370102
80.2506637573
80.2380466461
80.2024698257
80.2359008789
80.039691925
80.2002382278
80.2906608582
80.1263809204
80.0633382797
80.2957248688
80.3261947632
80.2838802338
80.233669281
80.1934576035
80.1982212067
80.0862550735
80.1163387299
80.031709671
80.0265169144
80.1655840874
80.2592468262
80.1238918304
80.3052520752
80.3003785
80.2328109741
80.2407073975
80.3003785
80.2967763
80.2919483185
80.2772927284
80.2234983444
80.2511358261
80.2500844002
80.2434539795
80.2799320221
80.2804685
80.2785372734
80.2688384056
80.1529026031
80.2073192596
80.2121257782
80.2176189423
79.983215332
80.1783943176
79.922618866
80.2414369583
80.08020401
80.1974058151
80.086812973
80.1388478279
80.1032924652
80.2328109741
80.1889514923
80.0834655762
80.0842165947
80.2209663391
80.2270388603
80.220580101
80.1360797882
80.1816558838
80.1991653442
80.0371170044
80.0904178619
80.1268744469
80.1541900635
79.9970018864
80.2408790588
80.0257873535
80.2499771118
80.2430677414
80.1075839996
80.2077484131
80.2052593231
80.1701974869
80.1924705505
80.2655982971
80.2527666092
80.194401741
80.2645897865
80.2495908737
80.2674114704